test	 wav	 0.11	 4 5	0	168	167	88	84
chan2	 wav	 0.17	 3 5	57	991	584	283
chan3	 wav	 0.02	 1 5	5	2672
chan2	 wav	 0.02	 1 5	2	1913
chan3	 wav	 0.16	 3 5	39	1819	550	269
chan4	 wav	 0.04	 2 5	25	1874	1285
chan5	 wav	 0.16	 2 5	24	1524	613
chan6	 wav	 0.15	 3 5	1	687	181	92
chan7	 wav	 0.13	 3 5	82	4523	1150	329
chan8	 wav	 0.02	 1 5	0	213
chan9	 wav	 0.16	 2 5	247	3371	756
chan11	 wav	 0.02	 1 5	2	1900
chan12	 wav	 0.15	 2 5	9	904	309
chan14	 wav	 0.16	 2 5	1	177	103
chan17	 wav	 0.16	 3 5	49	916	427	744
chan18	 wav	 0.02	 1 5	2	1269
chan19	 wav	 0.14	 2 5	0	427	252
chan20	 wav	 0.02	 1 5	2	1461
chan21	 wav	 0.18	 3 5	284	486	421	691
chan22	 wav	 0.16	 3 5	22	557	329	230
chan23	 wav	 0.02	 1 5	0	177
chan24	 wav	 0.14	 2 5	0	610	487
chan25	 wav	 0.02	 1 5	0	944
chan26	 wav	 0.13	 2 5	2	552	203
chan27	 wav	 0.13	 2 5	29	1534	289
chan28	 wav	 0.15	 2 5	14	1241	558
chan29	 wav	 0.02	 2 5	0	510	422
chan30	 wav	 0.18	 3 5	458	1749	913	785
chan32	 wav	 0.16	 3 5	164	4822	825	554
chan2	 wav	 0.02	 1 5	0	2810
chan3	 wav	 0.02	 1 5	2	3404
chan4	 wav	 0.11	 3 5	81	1872	1446	193
chan5	 wav	 0.18	 3 5	188	1136	1602	501
chan6	 wav	 0.02	 1 5	0	1883
chan7	 wav	 0.13	 3 5	186	4571	1384	383
chan8	 wav	 0.02	 1 5	0	922
chan9	 wav	 0.02	 2 5	2	4148	320
chan11	 wav	 0.14	 3 5	13	1675	539	265
chan12	 wav	 0.17	 2 5	43	892	1112
chan14	 wav	 0.02	 1 5	1	1271
chan17	 wav	 0.17	 3 5	73	1358	979	678
chan18	 wav	 0.18	 2 5	185	1341	646
chan19	 wav	 0.13	 2 5	3	1476	331
chan20	 wav	 0.02	 1 5	1	2378
chan21	 wav	 0.13	 2 5	20	2785	459
chan22	 wav	 0.02	 1 5	6	2074
chan23	 wav	 0.02	 1 5	0	531
chan24	 wav	 0.15	 2 5	2	1488	450
chan25	 wav	 0.18	 4 5	90	422	262	436	635
chan26	 wav	 0.02	 1 5	1	1924
chan27	 wav	 0.17	 2 5	221	1459	936
chan28	 wav	 0.17	 4 5	16	1324	583	712	682
chan29	 wav	 0.16	 5 5	11	274	508	276	288	143
chan30	 wav	 0.12	 4 5	132	1811	1808	631	360
chan32	 wav	 0.02	 1 5	24	7022
